"pbc"<-
structure(.Data = list(age = c(58.7652, 56.446300000000001, 70.072599999999994, 
	54.740600000000001, 38.105400000000003, 66.258700000000005, 
	55.534599999999998, 53.056800000000003, 42.507899999999999, 
	70.559899999999999, 53.713900000000002, 59.137599999999999, 
	45.689300000000003, 56.221800000000002, 64.646100000000004, 40.4435, 
	52.183399999999999, 53.930199999999999, 49.560600000000001, 
	59.953499999999998, 64.188900000000004, 56.276499999999999, 
	55.967100000000002, 44.520200000000003, 45.0732, 52.0246, 
	54.439399999999999, 44.947299999999998, 63.876800000000003, 
	41.385399999999997, 41.552399999999999, 53.995899999999999, 
	51.282699999999998, 52.060200000000002, 48.6188, 56.410699999999999, 
	61.727600000000002, 36.627000000000002, 55.392200000000003, 
	46.669400000000003, 33.634500000000003, 33.694699999999997, 
	48.870600000000003, 37.582500000000003, 41.793300000000002, 45.7988, 
	47.427799999999998, 49.136200000000002, 61.1526, 53.508600000000001, 
	52.087600000000002, 50.540700000000001, 67.408600000000007, 
	39.197800000000001, 65.763199999999998, 33.618099999999998, 53.5715, 
	44.569499999999998, 40.394300000000001, 58.381900000000002, 
	43.898699999999998, 60.706400000000002, 46.628300000000003, 
	62.907600000000002, 40.202599999999997, 46.453099999999999, 
	51.288200000000003, 32.613300000000002, 49.338799999999999, 
	56.399700000000003, 48.845999999999997, 32.492800000000003, 
	38.494199999999999, 51.9206, 43.518099999999997, 51.942500000000003, 
	49.826099999999997, 47.9452, 46.516100000000002, 67.4114, 
	63.263500000000001, 67.310100000000006, 56.0137, 55.830300000000001, 
	47.216999999999999, 52.758400000000002, 37.278599999999997, 
	41.393599999999999, 52.4435, 33.475700000000003, 45.607100000000003, 
	76.709100000000007, 36.533900000000003, 53.916499999999999, 
	46.390099999999997, 48.845999999999997, 71.893199999999993, 28.8843, 
	48.468200000000003, 51.468899999999998, 44.950000000000003, 
	56.569499999999998, 48.963700000000003, 43.017099999999999, 
	34.039700000000003, 68.509200000000007, 62.521599999999999, 
	50.357300000000002, 44.063000000000002, 38.910299999999999, 41.1526, 
	55.457900000000002, 51.233400000000003, 52.826799999999999, 
	42.639299999999999, 61.070500000000003, 49.656399999999998, 
	48.854199999999999, 54.256, 35.151299999999999, 67.906899999999993, 
	55.436, 45.820700000000002, 52.889800000000001, 47.181399999999996, 
	53.5989, 44.103999999999999, 41.949300000000001, 63.613999999999997, 
	44.227200000000003, 62.001399999999997, 40.552999999999997, 
	62.644799999999996, 42.3354, 42.967799999999997, 55.9617, 62.8611, 
	51.2498, 46.762500000000003, 54.075299999999999, 47.036299999999997, 
	55.726199999999999, 46.102699999999999, 52.287500000000001, 
	51.200499999999998, 33.8645, 75.011600000000001, 30.863800000000001, 
	61.804200000000002, 34.987000000000002, 55.041800000000002, 
	69.941100000000006, 49.604399999999998, 69.377099999999999, 43.5565, 
	59.4086, 48.758400000000002, 36.492800000000003, 45.760399999999997, 
	57.371699999999997, 42.743299999999998, 58.8172, 53.497599999999998, 
	43.414099999999998, 53.305999999999997, 41.355200000000004, 
	60.958199999999998, 47.753599999999999, 35.4908, 48.662599999999998, 
	52.667999999999999, 49.869999999999997, 30.275200000000002, 
	55.567399999999999, 52.153300000000002, 41.609900000000003, 
	55.452399999999997, 70.004099999999994, 43.942500000000003, 
	42.568100000000001, 44.569499999999998, 56.944600000000001, 
	40.260100000000001, 37.607100000000003, 48.361400000000003, 
	70.836399999999998, 35.791899999999998, 62.622900000000001, 
	50.647500000000001, 54.527000000000001, 52.692700000000002, 
	52.720100000000002, 56.772100000000002, 44.396999999999998, 
	29.555099999999999, 57.040399999999998, 44.627000000000002, 
	35.797400000000003, 40.717300000000002, 32.232700000000001, 
	41.092399999999998, 61.640000000000001, 37.056800000000003, 
	62.579099999999997, 48.977400000000003, 61.990400000000001, 
	72.772099999999995, 61.295000000000002, 52.624200000000002, 
	49.763199999999998, 52.914400000000001, 47.263500000000001, 
	50.204000000000001, 69.346999999999994, 41.1691, 59.164999999999999, 
	36.0794, 34.595500000000001, 42.713200000000001, 63.630400000000002, 
	56.6297, 46.264200000000002, 61.243000000000002, 38.620100000000001, 
	38.770699999999998, 56.695399999999999, 58.9514, 36.922699999999999, 
	62.4148, 34.609200000000001, 58.3354, 50.182099999999998, 42.6858, 
	34.379199999999997, 33.1828, 38.381900000000002, 59.761800000000001, 
	66.412000000000006, 46.789900000000003, 56.0794, 41.374400000000001, 
	64.572199999999995, 67.488, 44.829599999999999, 45.7714, 
	32.950000000000003, 41.2211, 55.416800000000002, 47.980800000000002, 
	40.791200000000003, 56.974699999999999, 68.462699999999998, 
	78.439400000000006, 39.857599999999998, 35.310099999999998, 
	31.444199999999999, 58.264200000000002, 51.488, 59.969900000000003, 
	74.524299999999997, 52.364100000000001, 42.787100000000002, 
	34.874699999999997, 44.139600000000002, 46.381900000000002, 
	56.309399999999997, 70.907600000000002, 55.3949, 45.084200000000003, 
	26.277899999999999, 50.472299999999997, 38.398400000000002, 
	47.419600000000003, 47.980800000000002, 38.316200000000002, 50.1081, 
	35.088299999999997, 32.503799999999998, 56.153300000000002, 
	46.154699999999998, 65.883600000000001, 33.943899999999999, 62.8611, 
	48.564, 46.3491, 38.852800000000002, 58.647500000000001, 
	48.936300000000003, 67.572900000000004, 65.984899999999996, 
	40.900799999999997, 50.244999999999997, 57.196399999999997, 60.5366, 
	35.351100000000002, 31.3812, 55.9863, 52.725499999999997, 
	38.091700000000003, 58.171100000000003, 45.210099999999997, 37.7988, 
	60.659799999999997, 35.534599999999998, 43.066400000000002, 
	56.391500000000001, 30.573599999999999, 61.1828, 58.299799999999998, 
	62.332599999999999, 37.998600000000003, 33.1526, 60, 65, 54, 75, 62, 43,
	46, 44, 61, 64, 40, 63, 34, 52, 49, 54, 63, 54, 46, 53, 56, 56, 55, 65, 
	56, 47, 60, 53, 54, 50, 48, 36, 48, 70, 51, 52, 54, 48, 66, 53, 62, 59, 
	39, 67, 58, 64, 46, 64, 41, 49, 44, 59, 63, 61, 64, 49, 42, 50, 51, 37, 
	62, 51, 52, 44, 33, 60, 63, 33, 41, 51, 37, 59, 55, 54, 49, 40, 67, 68, 
	41, 69, 52, 57, 36, 50, 64, 62, 42, 44, 69, 52, 66, 40, 52, 46, 54, 51, 
	43, 39, 51, 67, 35, 67, 39, 57, 58, 53),